50
0.6666666666666666
0.5866666666666667
0.34
0.6666666666666666
0.6666666666666666
0.6666666666666666
0.9733333333333334
0.3333333333333333
0.6666666666666666
0.6666666666666666
0.9666666666666667
0.96
0.37333333333333335
0.6666666666666666
0.6666666666666666
0.6666666666666666
0.6666666666666666
0.8933333333333333
0.6666666666666666
0.6666666666666666
0.68
0.3333333333333333
0.6666666666666666
0.9266666666666666
0.68
0.6666666666666666
0.7866666666666666
0.6666666666666666
0.3333333333333333
0.8
0.8266666666666667
0.49333333333333335
0.6666666666666666
0.5266666666666666
0.3333333333333333
0.6666666666666666
0.6666666666666666
0.7666666666666667
0.68
0.6666666666666666
0.6666666666666666
0.8866666666666667
0.6666666666666666
0.6666666666666666
0.8533333333333334
0.96
0.6666666666666666
0.3466666666666667
0.9066666666666666
0.6666666666666666
0.8666666666666667
0.92
0.9333333333333333
0.9666666666666667
0.92
0.9666666666666667
0.9733333333333334
0.92
0.96
0.9266666666666666
0.96
0.9733333333333334
0.84
0.9666666666666667
0.96
0.9533333333333334
0.96
0.9266666666666666
0.9733333333333334
0.96
0.9666666666666667
0.96
0.84
0.9666666666666667
0.9666666666666667
0.96
0.94
0.9466666666666667
0.96
0.9666666666666667
0.9733333333333334
0.96
0.96
0.92
0.96
0.9133333333333333
0.96
0.96
0.96
0.96
0.9733333333333334
0.96
0.8533333333333334
0.9133333333333333
0.92
0.9733333333333334
0.9733333333333334
0.96
0.92
0.96